0 L L 4 2 0 1  2004-01-26 5 22.700 4.990 0 5 22.700 4.990 0 0 0.000 0.000 0 0 0.000 0.000 0 
0 L L 3 2 0 1  2004-01-26 1 4.540 0.998 0 1 4.540 0.998 0 0 0.000 0.000 0 0 0.000 0.000 0 
0 L L 2 2 0 1  2004-01-26 7 29.500 6.988 0 7 29.500 6.988 0 0 0.000 0.000 0 0 0.000 0.000 0 
0 L L 1 2 0 1  2004-01-26 3 13.620 2.994 0 3 13.620 2.994 0 0 0.000 0.000 0 0 0.000 0.000 0 
0 L L 3 2 0 2  2004-01-26 5 22.700 5.000 0 5 22.700 5.000 0 0 0.000 0.000 0 0 0.000 0.000 0 
0 L L 3 2 0 3  2004-01-26 4 2.160 3.998 0 4 2.160 3.998 0 0 0.000 0.000 0 0 0.000 0.000 0 
0 L L 3 2 0 4  2004-01-26 4 2.160 4.000 0 4 2.160 4.000 0 0 0.000 0.000 0 0 0.000 0.000 0 
0 L L 3 2 0 5  2004-01-26 1 0.450 1.000 0 1 0.450 1.000 0 0 0.000 0.000 0 0 0.000 0.000 0 
0 L L 3 2 0 6  2004-01-26 7 3.780 7.000 0 7 3.780 7.000 0 0 0.000 0.000 0 0 0.000 0.000 0 
0 L L 3 2 0 7  2004-01-26 2 1.080 2.000 0 2 1.080 2.000 0 0 0.000 0.000 0 0 0.000 0.000 0 
0 L L 3 2 0 8  2004-01-26 1 0.450 1.000 0 1 0.450 1.000 0 0 0.000 0.000 0 0 0.000 0.000 0 
0 L L 1 2 0 2  2004-01-26 0 0.000 0.000 0 0 0.000 0.000 0 0 0.000 0.000 0 0 0.000 0.000 0 
0 L L 3 2 0 9  2004-01-26 9 4.860 9.000 0 9 4.860 9.000 0 0 0.000 0.000 0 0 0.000 0.000 0 
0 L R 3 2 0 1  2004-01-28 1 0.360 0.000 1 1 0.360 0.000 1 0 0.000 0.000 0 0 0.000 0.000 0 
